    0.0000   -1.0000    0.4286    1.0000   -1.0000
             -0.8018    0.5571    1.5000   -0.3612
                        1.4056    2.4495    0.4286
                                  1.0000   -0.8018
                                           -1.4056
                                                  
   -2.7179   -3.5529   -2.0293    0.8955   -1.1523
              0.4154    2.7093    2.8866    2.4623
                        2.0224    3.5553    3.6369
                                  3.0251    1.1754
                                           -1.7842
                                                  
  -73.5566   15.1765    1.0000   45.8689   43.5127
             96.9686   25.0705  102.4156   93.2738
                       -1.0684   49.2016   36.5793
                                  7.2095    7.4203
                                           -2.4140
                                                  
